2 3 0.1 0.1 0.1 0.1 0.1 0.1 0.1 0.1 
1.33333 2 0.0666667 0.0666667 0.0666667 0.0666667 0.0666667 0.0666667 0.0666667 0.0666667 
10 15 0.5 0.5 0.5 0.5 0.5 0.5 0.5 0.5 
10 15 0.5 0.5 0.5 0.5 0.5 0.5 0.5 0.5 
10 15 0.5 0.5 0.5 0.5 0.5 0.5 0.5 0.5 
10 15 0.5 0.5 0.5 0.5 0.5 0.5 0.5 0.5 
10 15 0.5 0.5 0.5 0.5 0.5 0.5 0.5 0.5 
10 15 0.5 0.5 0.5 0.5 0.5 0.5 0.5 0.5 
10 15 0.5 0.5 0.5 0.5 0.5 0.5 0.5 0.5 
10 15 0.5 0.5 0.5 0.5 0.5 0.5 0.5 0.5 
10 15 0.5 0.5 0.5 0.5 0.5 0.5 0.5 0.5 
10 15 0.5 0.5 0.5 0.5 0.5 0.5 0.5 0.5 
10 15 0.5 0.5 0.5 0.5 0.5 0.5 0.5 0.5 
10 15 0.5 0.5 0.5 0.5 0.5 0.5 0.5 0.5 
10 15 0.5 0.5 0.5 0.5 0.5 0.5 0.5 0.5 
10 15 0.5 0.5 0.5 0.5 0.5 0.5 0.5 0.5 
10 15 0.5 0.5 0.5 0.5 0.5 0.5 0.5 0.5 
10 15 0.5 0.5 0.5 0.5 0.5 0.5 0.5 0.5 
10 15 0.5 0.5 0.5 0.5 0.5 0.5 0.5 0.5 
10 15 0.5 0.5 0.5 0.5 0.5 0.5 0.5 0.5 
